{
  "asset": {
    "version": "2.0",
    "generator": "THREE.GLTFExporter"
  },
  "scenes": [
    {
      "nodes": [
        0
      ]
    }
  ],
  "scene": 0,
  "nodes": [
    {
      "children": [
        3816
      ],
      "matrix": [
        0.01,
        0,
        0,
        0,
        0,
        0.01,
        0,
        0,
        0,
        0,
        0.01,
        0,
        0,
        0,
        0,
        1
      ]
    },
    {
      "matrix": [
        1,
        0,
        0,
        0,
        0,
        1,
        0,
        0,
        0,
        0,
        1,
        0,
        -2,
        -35.98437499999994,
        0,
        1
      ],
      "name": "Cylinder",
      "mesh": 0
    },
    {
      "matrix": [
        0.5883484054145521,
        0.39223227027636803,
        -0.7071067811865475,
        0,
        -0.554700196225229,
        0.8320502943378437,
        0,
        0,
        0.588348405414552,
        0.392232270276368,
        0.7071067811865476,
        0,
        0,
        0,
        0,
        1
      ],
      "name": "Directional Light",
      "extensions": {
        "KHR_lights_punctual": {
          "light": 0
        }
      }
    },
    {
      "matrix": [
        -0.9999999999999951,
        2.9104918259921965e-8,
        9.16498850828928e-8,
        0,
        4.813481536725806e-8,
        0.9765990202616559,
        0.21506825340800861,
        0,
        -8.324564404330219e-8,
        0.21506825340801206,
        -0.9765990202616526,
        0,
        16.38138657678425,
        1260.549026143516,
        -2733.211336029799,
        1
      ],
      "camera": 0
    },
    {
      "matrix": [
        1,
        0,
        0,
        0,
        0,
        1,
        0,
        0,
        0,
        0,
        1,
        0,
        0,
        1,
        0,
        1
      ],
      "name": "Default Ambient Light"
    },
    {
      "matrix": [
        -0.00011076759454464735,
        0.9999999836648313,
        0.00014283163868311632,
        0,
        -0.6128242046592153,
        -0.0001807493762371326,
        0.7902192490147676,
        0,
        0.7902192619231325,
        0,
        0.6128242146698022,
        0,
        -1827,
        607.3898834787819,
        -1540.0000000000002,
        1
      ],
      "mesh": 0
    },
    {
      "matrix": [
        0.042479489276539883,
        0.9978137118750278,
        -0.05062893821702652,
        0,
        -0.6413536366144766,
        0.06608930620137543,
        0.7643936920247358,
        0,
        0.7660685385735341,
        5.551115123125783e-17,
        0.6427588927489138,
        0,
        -1827,
        581.7491268253813,
        -1430.0000000000002,
        1
      ],
      "mesh": 0
    },
    {
      "matrix": [
        0.08658106605924287,
        0.9916270435439202,
        -0.09580984037346685,
        0,
        -0.664856421131888,
        0.1291348384919584,
        0.7357242233115294,
        0,
        0.7419364246886269,
        0,
        0.6704702392502276,
        0,
        -1827,
        557.2525337063195,
        -1320.0000000000002,
        1
      ],
      "mesh": 0
    },
    {
      "matrix": [
        0.1091683515816656,
        0.9871680261338492,
        -0.11653994676479651,
        0,
        -0.6748757208816262,
        0.1596849654131527,
        0.7204467177977185,
        0,
        0.7298116417113715,
        5.551115123125783e-17,
        0.6836482777149028,
        0,
        -1827,
        545.3152531947907,
        -1210.0000000000002,
        1
      ],
      "mesh": 0
    },
    {
      "matrix": [
        0.0786483974082769,
        0.9929962919695561,
        -0.08816344888797151,
        0,
        -0.6610285885420117,
        0.11814552100994868,
        0.7410012422361001,
        0,
        0.7462276024881855,
        -5.551115123125783e-17,
        0.6656908931964853,
        0,
        -1827,
        561.5342303081526,
        -1100.0000000000002,
        1
      ],
      "mesh": 0
    },
    {
      "matrix": [
        0.02848043298765257,
        0.9989883118925069,
        -0.03480255219082756,
        0,
        -0.632671898570144,
        0.04497057595983667,
        0.7731131327674432,
        0,
        0.7738960742221694,
        -5.551115123125783e-17,
        0.6333126134094557,
        0,
        -1827,
        589.9270740650709,
        -990.0000000000001,
        1
      ],
      "mesh": 0
    },
    {
      "matrix": [
        -0.02243844276520579,
        0.9992898307679061,
        0.030271280285480484,
        0,
        -0.5950663282756954,
        -0.03768068635056343,
        0.8027927695418243,
        0,
        0.8033632934350154,
        0,
        0.5954892264023297,
        0,
        -1827,
        621.8920058098527,
        -880.0000000000001,
        1
      ],
      "mesh": 0
    },
    {
      "matrix": [
        -0.041245173433073656,
        0.9974662360591023,
        0.05796502040509499,
        0,
        -0.5782938036020483,
        -0.07114146415479117,
        0.812720843090288,
        0,
        0.8147853167454305,
        0,
        0.5797627856425838,
        0,
        -1827,
        634.8488153250798,
        -770.0000000000001,
        1
      ],
      "mesh": 0
    },
    {
      "matrix": [
        -0.05638443915575353,
        0.9950290279752153,
        0.0820854951120456,
        0,
        -0.56337782195907,
        -0.09958530758449524,
        0.8201757105876497,
        0,
        0.8242731493538691,
        -5.551115123125783e-17,
        0.566192348283032,
        0,
        -1827,
        645.8867846961876,
        -660.0000000000001,
        1
      ],
      "mesh": 0
    },
    {
      "matrix": [
        -0.07072501301628997,
        0.9917708690555402,
        0.10671698940030055,
        0,
        -0.5478828537426674,
        -0.12802555718612685,
        0.8267005717198774,
        0,
        0.8335600464925343,
        1.1102230246251565e-16,
        0.5524288631954016,
        0,
        -1827,
        656.9549927957275,
        -550.0000000000001,
        1
      ],
      "mesh": 0
    },
    {
      "matrix": [
        -0.1076468824005643,
        0.9775867961938913,
        0.18093149150107074,
        0,
        -0.49984693880101866,
        -0.21053279057515706,
        0.8401362876723559,
        0,
        0.8593981536404938,
        0,
        0.5113069660383186,
        0,
        -1827,
        689.3323372725504,
        -440,
        1
      ],
      "mesh": 0
    },
    {
      "matrix": [
        -0.1515091947061722,
        0.9389569920904268,
        0.3088765626006365,
        0,
        -0.4135067844009004,
        -0.3440345433303138,
        0.8430020001458651,
        0,
        0.8978068295429225,
        -5.551115123125783e-17,
        0.4403894831011359,
        0,
        -1827,
        743.1091392263169,
        -330,
        1
      ],
      "mesh": 0
    },
    {
      "matrix": [
        -0.16503930729717453,
        0.9125213508348553,
        0.3742550084065671,
        0,
        -0.3681936097130296,
        -0.4090290750918948,
        0.8349423222570277,
        0,
        0.9149838757122214,
        0,
        0.4034904053216657,
        0,
        -1827,
        770.2427497255526,
        -220,
        1
      ],
      "mesh": 0
    },
    {
      "matrix": [
        -0.16696078311368612,
        0.9069487842853561,
        0.38674022235265226,
        0,
        -0.3594733473062315,
        -0.42124090813133774,
        0.8326674065274435,
        0,
        0.9180974945388521,
        5.551115123125783e-17,
        0.396354627223503,
        0,
        -1827,
        775.4326272291314,
        -110,
        1
      ],
      "mesh": 0
    },
    {
      "matrix": [
        -0.16260504251828012,
        0.9186324883884127,
        0.36010269566464176,
        0,
        -0.37805448582506496,
        -0.39511308669457335,
        0.8372338111126623,
        0,
        0.911391466876432,
        5.551115123125783e-17,
        0.411540513321381,
        0,
        -1827,
        764.3663873742294,
        0,
        1
      ],
      "mesh": 0
    },
    {
      "matrix": [
        -0.1373248793069799,
        0.9559749603239504,
        0.2593332850926488,
        0,
        -0.447367282630568,
        -0.29344824966869654,
        0.8448376407323006,
        0,
        0.8837445286705117,
        0,
        0.46796966573158894,
        0,
        -1827,
        722.4713197830553,
        110,
        1
      ],
      "mesh": 0
    },
    {
      "matrix": [
        -0.08618643762679001,
        0.9870058608626799,
        0.13561463266153578,
        0,
        -0.529401699732823,
        -0.1606842575447882,
        0.8330152517795086,
        0,
        0.843982072255804,
        -5.551115123125783e-17,
        0.536371384127452,
        0,
        -1827,
        669.7161593400388,
        220,
        1
      ],
      "mesh": 0
    },
    {
      "matrix": [
        -0.006798293172709302,
        0.999937438379144,
        0.008882710042162123,
        0,
        -0.6077297785969928,
        -0.01118567511396762,
        0.7940651087150818,
        0,
        0.7941147898234787,
        5.551115123125783e-17,
        0.607767801535761,
        0,
        -1827,
        611.6448292373537,
        330,
        1
      ],
      "mesh": 0
    },
    {
      "matrix": [
        0.030079321345027665,
        0.9988753665489813,
        -0.0366501913918697,
        0,
        -0.6336960207144391,
        0.04741310052757686,
        0.7721278075740099,
        0,
        0.772997146021968,
        5.551115123125783e-17,
        0.6344094988584993,
        0,
        -1827,
        588.981706767654,
        440,
        1
      ],
      "mesh": 0
    },
    {
      "matrix": [
        0.051419760259657776,
        0.9968526834037316,
        -0.0603385104690114,
        0,
        -0.6465733507003076,
        0.07927627381997515,
        0.7587214077468734,
        0,
        0.7611168835461583,
        0,
        0.6486147466570458,
        0,
        -1827,
        576.6370656349923,
        550.0000000000002,
        1
      ],
      "mesh": 0
    },
    {
      "matrix": [
        0.120414584351629,
        0.9846542552121961,
        -0.1263183500839833,
        0,
        -0.6794014000877856,
        0.17451646825590794,
        0.712711540432903,
        0,
        0.7238190833586672,
        5.551115123125783e-17,
        0.6899898075811112,
        0,
        -1827,
        539.499085745736,
        660.0000000000002,
        1
      ],
      "mesh": 0
    },
    {
      "matrix": [
        0.16015345986847396,
        0.9743276431449157,
        -0.15822930542674613,
        0,
        -0.6931047354616526,
        0.22513472367378928,
        0.6847774688736178,
        0,
        0.7028205282807192,
        0,
        0.7113672082878228,
        0,
        -1827,
        519.5231180694649,
        770.0000000000002,
        1
      ],
      "mesh": 0
    },
    {
      "matrix": [
        0.17931906627090477,
        0.9685928589988635,
        -0.1722572087552166,
        0,
        -0.6985147429476124,
        0.24865211339622162,
        0.6710061701567456,
        0,
        0.6927639037627189,
        -5.551115123125783e-17,
        0.721164456724982,
        0,
        -1827,
        510.1638781803455,
        880.0000000000002,
        1
      ],
      "mesh": 0
    },
    {
      "matrix": [
        0.2654806487079395,
        0.937321769173923,
        -0.22571647302374387,
        0,
        -0.7141054206776748,
        0.3484650642929171,
        0.6071454085522628,
        0,
        0.6477449137742207,
        0,
        0.7618572876068243,
        0,
        -1827,
        469.70492991668306,
        990.0000000000002,
        1
      ],
      "mesh": 0
    },
    {
      "matrix": [
        0.3557458762459452,
        0.8956494668805075,
        -0.26693988838438415,
        0,
        -0.7163934288516993,
        0.44476064627691914,
        0.537557831885503,
        0,
        0.6001877428206195,
        0,
        0.7998591584572186,
        0,
        -1827,
        429.11864053525414,
        1100.0000000000002,
        1
      ],
      "mesh": 0
    },
    {
      "matrix": [
        0.44708834469461123,
        0.8444528889719286,
        -0.29497683018365395,
        0,
        -0.7048618669841892,
        0.5356298332869107,
        0.4650488470737235,
        0,
        0.5507102327992424,
        2.7755575615628914e-17,
        0.8346964954342413,
        0,
        -1827,
        388.7749853884295,
        1210.0000000000002,
        1
      ],
      "mesh": 0
    },
    {
      "matrix": [
        0.5346263498964365,
        0.7863552905728337,
        -0.3095480947841989,
        0,
        -0.6805173172832821,
        0.6177745195361446,
        0.3940188115933683,
        0,
        0.5010697026103033,
        0,
        0.8654069292107744,
        0,
        -1827,
        349.85816022578285,
        1320.0000000000002,
        1
      ],
      "mesh": 0
    },
    {
      "matrix": [
        0.5611112587236016,
        0.7668622398821232,
        -0.31157095560496084,
        0,
        -0.6704380930597404,
        0.6418117364484487,
        0.3722773943331048,
        0,
        0.48545537251948756,
        -2.7755575615628914e-17,
        0.8742614490482613,
        0,
        -1827,
        337.89227222646093,
        1430.0000000000002,
        1
      ],
      "mesh": 0
    },
    {
      "matrix": [
        0.5652859257899754,
        0.7637021719318019,
        -0.31178648894783606,
        0,
        -0.668728309437386,
        0.6455687357568121,
        0.3688406913158675,
        0,
        0.48296404655086506,
        -2.7755575615628914e-17,
        0.8756401828029672,
        0,
        -1827,
        335.99418426883494,
        1540.0000000000002,
        1
      ],
      "mesh": 0
    },
    {
      "matrix": [
        0.5853524493414465,
        0.7481669437121549,
        -0.31242396576828535,
        0,
        -0.6600367782600892,
        0.6635105306899156,
        0.3522857178592803,
        0,
        0.47086512017138327,
        2.7755575615628914e-17,
        0.8822052134316533,
        0,
        -1827,
        326.8180658657868,
        1650.0000000000002,
        1
      ],
      "mesh": 0
    },
    {
      "matrix": [
        0.07715770975817426,
        0.9932416868550862,
        -0.08670432121951072,
        0,
        -0.6602906246382083,
        0.11606442819943907,
        0.7419874254471042,
        0,
        0.7470361295411072,
        0,
        0.6647834392945133,
        0,
        -1798,
        562.3444218597094,
        -1540.0000000000002,
        1
      ],
      "mesh": 0
    },
    {
      "matrix": [
        0.11242877783098626,
        0.9864587392111958,
        -0.11941074386037781,
        0,
        -0.6762185635459935,
        0.1640096211624733,
        0.7182125719325267,
        0,
        0.7280715790574603,
        1.1102230246251565e-16,
        0.6855011128866066,
        0,
        -1798,
        543.6208626345882,
        -1430.0000000000002,
        1
      ],
      "mesh": 0
    },
    {
      "matrix": [
        0.170872338251169,
        0.9711783304573189,
        -0.16617850183075078,
        0,
        -0.6962227666333205,
        0.23835404433349727,
        0.6770976360697991,
        0,
        0.6971918697475057,
        0,
        0.7168845770122112,
        0,
        -1798,
        514.2690271089837,
        -1320.0000000000002,
        1
      ],
      "mesh": 0
    },
    {
      "matrix": [
        0.19658663573757162,
        0.963030104091731,
        -0.18419205537278974,
        0,
        -0.7027587472544968,
        0.269393798393856,
        0.6584505482906218,
        0,
        0.6837278974904222,
        5.551115123125783e-17,
        0.7297370500346866,
        0,
        -1798,
        501.8609231520837,
        -1210.0000000000002,
        1
      ],
      "mesh": 0
    },
    {
      "matrix": [
        0.14748405589386426,
        0.9778553848493964,
        -0.148483330977367,
        0,
        -0.6891097085437033,
        0.20928173910076053,
        0.6937787567155492,
        0,
        0.7094901428828363,
        0,
        0.7047153589585602,
        0,
        -1798,
        525.8023808760622,
        -1100.0000000000002,
        1
      ],
      "mesh": 0
    },
    {
      "matrix": [
        0.09110436256801535,
        0.990799414956235,
        -0.10008253815455381,
        0,
        -0.6669656094314541,
        0.1353385359843312,
        0.7326939036960433,
        0,
        0.739497715315473,
        0,
        0.6731590666723546,
        0,
        -1798,
        554.832731817788,
        -990.0000000000001,
        1
      ],
      "mesh": 0
    },
    {
      "matrix": [
        0.036053346247458484,
        0.9984043707045448,
        -0.04346111805306818,
        0,
        -0.6374474188434339,
        0.056468686526798706,
        0.7684218084176047,
        0,
        0.7696498843202698,
        0,
        0.6384661741751049,
        0,
        -1798,
        585.475783639317,
        -880.0000000000001,
        1
      ],
      "mesh": 0
    },
    {
      "matrix": [
        0.020992836404429283,
        0.9994413226615623,
        -0.026006602550187496,
        0,
        -0.6277598901404805,
        0.033422186590744696,
        0.777689190984615,
        0,
        0.7781239111802878,
        0,
        0.628110801411257,
        0,
        -1798,
        594.3955088595725,
        -770.0000000000001,
        1
      ],
      "mesh": 0
    },
    {
      "matrix": [
        0.005600473278525753,
        0.9999588114671782,
        -0.007142133309124554,
        0,
        -0.6170326628833833,
        0.009076087766696994,
        0.7868851997374793,
        0,
        0.7869176117193577,
        -5.551115123125783e-17,
        0.6170580786003067,
        0,
        -1798,
        603.8108465801803,
        -660.0000000000001,
        1
      ],
      "mesh": 0
    },
    {
      "matrix": [
        -0.01883090998237935,
        0.9995047043782679,
        0.025213939695072796,
        0,
        -0.5980846967968687,
        -0.03146976208539298,
        0.800814803516822,
        0,
        0.8012116401342613,
        0,
        0.5983810723221172,
        0,
        -1798,
        619.4892237293,
        -550.0000000000001,
        1
      ],
      "mesh": 0
    },
    {
      "matrix": [
        -0.06650850061618141,
        0.9928347560321509,
        0.0992762134671073,
        0,
        -0.5525899646343044,
        -0.1194953857459744,
        0.8248425205885538,
        0,
        0.8307953721171331,
        0,
        0.5565779816600316,
        0,
        -1798,
        653.6313941803762,
        -440,
        1
      ],
      "mesh": 0
    },
    {
      "matrix": [
        -0.13064745856230653,
        0.9620835786534816,
        0.239429382608987,
        0,
        -0.46083063895864446,
        -0.2727548123962442,
        0.8445353364493741,
        0,
        0.8778190951261986,
        0,
        0.478992313332711,
        0,
        -1798,
        714.1290999543459,
        -330,
        1
      ],
      "mesh": 0
    },
    {
      "matrix": [
        -0.15420932777018415,
        0.9348048069225503,
        0.3199366440143446,
        0,
        -0.40588706773334954,
        -0.35516189682241195,
        0.8420900873970254,
        0,
        0.9008191669117012,
        5.551115123125783e-17,
        0.4341944593434015,
        0,
        -1798,
        747.7011204233745,
        -220,
        1
      ],
      "mesh": 0
    },
    {
      "matrix": [
        -0.15821990020591237,
        0.9278164565269952,
        0.33782108604484873,
        0,
        -0.39352401184804975,
        -0.3730370263093059,
        0.840227486518577,
        0,
        0.9055966625810006,
        -5.551115123125783e-17,
        0.42413993530691396,
        0,
        -1798,
        755.1217202181703,
        -110,
        1
      ],
      "mesh": 0
    },
    {
      "matrix": [
        -0.15251548444129726,
        0.9374545976682833,
        0.31291836685665086,
        0,
        -0.4107246040743558,
        -0.34810756571869717,
        0.842689991810373,
        0,
        0.8989128581868211,
        0,
        0.43812746248825807,
        0,
        -1798,
        744.7876174473947,
        0,
        1
      ],
      "mesh": 0
    },
    {
      "matrix": [
        -0.12628938243463383,
        0.9656060413955421,
        0.22727948588623148,
        0,
        -0.46900502144596645,
        -0.26000956294034827,
        0.8440552807950661,
        0,
        0.8741197181981124,
        -5.551115123125783e-17,
        0.48571052928390657,
        0,
        -1798,
        709.0166083822171,
        110,
        1
      ],
      "mesh": 0
    },
    {
      "matrix": [
        -0.08392325929638655,
        0.9877955585464788,
        0.1312128845232874,
        0,
        -0.5322364319863595,
        -0.15575600956576308,
        0.8321444862225426,
        0,
        0.8424258228565296,
        0,
        0.5388123355905089,
        0,
        -1798,
        667.7864321230525,
        220,
        1
      ],
      "mesh": 0
    },
    {
      "matrix": [
        -0.017260603661197305,
        0.9995856114727747,
        0.02303642545731488,
        0,
        -0.599379815094334,
        -0.02878550566864102,
        0.7999470181961321,
        0,
        0.8002786444849902,
        0,
        0.5996282941800418,
        0,
        -1798,
        618.4509328820523,
        330,
        1
      ],
      "mesh": 0
    },
    {
      "matrix": [
        0.013065525363620267,
        0.9997796977541863,
        -0.016427051029332618,
        0,
        -0.6223442065568677,
        0.020989424921795785,
        0.7824622243958841,
        0,
        0.7826346405648521,
        5.551115123125783e-17,
        0.6224813405941778,
        0,
        -1798,
        599.2042223561181,
        440,
        1
      ],
      "mesh": 0
    },
    {
      "matrix": [
        0.039660882250970086,
        0.9980833134875465,
        -0.04750488139964404,
        0,
        -0.6396565123868264,
        0.061884564616062065,
        0.766165678442595,
        0,
        0.7676369979229741,
        -5.551115123125783e-17,
        0.640884887807322,
        0,
        -1798,
        583.3781536611485,
        550.0000000000002,
        1
      ],
      "mesh": 0
    },
    {
      "matrix": [
        0.12791553016303525,
        0.9828741468915159,
        -0.13265002267389314,
        0,
        -0.6822562209540095,
        0.18427808163825332,
        0.7075083304083979,
        0,
        0.7198361383764107,
        0,
        0.6941440296417861,
        0,
        -1798,
        535.6626782456113,
        660.0000000000002,
        1
      ],
      "mesh": 0
    },
    {
      "matrix": [
        0.1736506568933578,
        0.9703379021085112,
        -0.16819573446481556,
        0,
        -0.6969925536857098,
        0.24175267471457973,
        0.6750977887499112,
        0,
        0.6957347407361361,
        0,
        0.7182988030985584,
        0,
        -1798,
        512.9154276634283,
        770.0000000000002,
        1
      ],
      "mesh": 0
    },
    {
      "matrix": [
        0.21839166635308038,
        0.9554891556551119,
        -0.19835713622909085,
        0,
        -0.7072960002132858,
        0.2950262249792064,
        0.6424110013510091,
        0,
        0.6723373023637855,
        -5.551115123125783e-17,
        0.740244926933098,
        0,
        -1798,
        491.53032610863136,
        880.0000000000002,
        1
      ],
      "mesh": 0
    },
    {
      "matrix": [
        0.32666460252227303,
        0.9100392327756889,
        -0.2551839185136892,
        0,
        -0.7171573819454727,
        0.41452212825015233,
        0.5602291448256507,
        0,
        0.6156098821332232,
        0,
        0.7880510599066022,
        0,
        -1798,
        442.06670139877843,
        990.0000000000002,
        1
      ],
      "mesh": 0
    },
    {
      "matrix": [
        0.412740670117568,
        0.8647873697158712,
        -0.2859859164553489,
        0,
        -0.7108260134953108,
        0.5021382331389483,
        0.49252773866906135,
        0,
        0.5695362304272354,
        0,
        0.8219662293736495,
        0,
        -1798,
        403.92471612836016,
        1100.0000000000002,
        1
      ],
      "mesh": 0
    },
    {
      "matrix": [
        0.5120887908088069,
        0.8022152592065733,
        -0.3069458392356935,
        0,
        -0.688076088270526,
        0.5970349050902554,
        0.41243256279566587,
        0,
        0.5141170752642875,
        2.7755575615628914e-17,
        0.8577200201241049,
        0,
        -1798,
        359.9529481762572,
        1210.0000000000002,
        1
      ],
      "mesh": 0
    },
    {
      "matrix": [
        0.5863709651930067,
        0.7473628481027947,
        -0.31243857709044315,
        0,
        -0.6595744218023154,
        0.6644161145514752,
        0.3514438914371145,
        0,
        0.4702453330791951,
        2.7755575615628914e-17,
        0.8825357367932682,
        0,
        -1798,
        326.3498336896326,
        1320.0000000000002,
        1
      ],
      "mesh": 0
    },
    {
      "matrix": [
        0.5726081814674081,
        0.7581002935382355,
        -0.31209584337800633,
        0,
        -0.6656481354815078,
        0.6521379799837157,
        0.362806580415448,
        0,
        0.4785733279724017,
        0,
        0.8780475896860147,
        0,
        -1798,
        332.65621657475924,
        1430.0000000000002,
        1
      ],
      "mesh": 0
    },
    {
      "matrix": [
        0.5589287419573867,
        0.7685046694193701,
        -0.31144700110060075,
        0,
        -0.6713186777848069,
        0.6398441787502833,
        0.3740730674301933,
        0,
        0.48675444966758297,
        -2.7755575615628914e-17,
        0.8735388404237149,
        0,
        -1798,
        338.88320174281967,
        1540.0000000000002,
        1
      ],
      "mesh": 0
    },
    {
      "matrix": [
        0.5192226415870118,
        0.7972654936447819,
        -0.3078564293737382,
        0,
        -0.6857828737236807,
        0.6036288036892723,
        0.4066129824094996,
        0,
        0.5100095083140074,
        -2.7755575615628914e-17,
        0.8601687633419993,
        0,
        -1798,
        356.7651671046206,
        1650.0000000000002,
        1
      ],
      "mesh": 0
    },
    {
      "matrix": [
        0.19784098357202706,
        0.9626117606559548,
        -0.18503389815408441,
        0,
        -0.7030443464964877,
        0.27088484314712613,
        0.6575333060860747,
        0,
        0.6830721719398176,
        0,
        0.7303508800031806,
        0,
        -1769,
        501.2621769456011,
        -1540.0000000000002,
        1
      ],
      "mesh": 0
    },
    {
      "matrix": [
        0.24714055529528567,
        0.9446969106431194,
        -0.21556737450199642,
        0,
        -0.711927640681017,
        0.32794473165664073,
        0.6209760763612515,
        0,
        0.6573283657067439,
        0,
        0.7536042858405871,
        0,
        -1769,
        478.1357720942012,
        -1430.0000000000002,
        1
      ],
      "mesh": 0
    },
    {
      "matrix": [
        0.2547894588939169,
        0.9416668607805442,
        -0.21987690861993747,
        0,
        -0.7129083637851866,
        0.3365464653026612,
        0.6152220262128241,
        0,
        0.6533329905045918,
        -5.551115123125783e-17,
        0.7570706727369163,
        0,
        -1769,
        474.60974832697684,
        -1320.0000000000002,
        1
      ],
      "mesh": 0
    },
    {
      "matrix": [
        0.2689208079891251,
        0.9358965684432673,
        -0.22755046079187147,
        0,
        -0.7144478736958836,
        0.35227491136343625,
        0.6045383549414495,
        0,
        0.645945690288206,
        -1.1102230246251565e-16,
        0.763383367121719,
        0,
        -1769,
        468.132228616748,
        -1210.0000000000002,
        1
      ],
      "mesh": 0
    },
    {
      "matrix": [
        0.24028987571314664,
        0.9473546192078346,
        -0.21161285663999532,
        0,
        -0.7109603674296099,
        0.32018623559668946,
        0.6261119152985155,
        0,
        0.6609055390705352,
        -5.551115123125783e-17,
        0.750469098914729,
        0,
        -1769,
        481.30657941006086,
        -1100.0000000000002,
        1
      ],
      "mesh": 0
    },
    {
      "matrix": [
        0.208546689384407,
        0.9589640687537795,
        -0.19208381812635988,
        0,
        -0.7053590665289102,
        0.2835276262363102,
        0.6496773602537398,
        0,
        0.6774783137579152,
        -5.551115123125783e-17,
        0.7355427481715334,
        0,
        -1769,
        496.1746514924217,
        -990.0000000000001,
        1
      ],
      "mesh": 0
    },
    {
      "matrix": [
        0.20938204582364472,
        0.9586736731991027,
        -0.19262384899499185,
        0,
        -0.7055305018464825,
        0.28450797583712883,
        0.6490623411116305,
        0,
        0.6770420000642176,
        5.551115123125783e-17,
        0.7359443797930956,
        0,
        -1769,
        495.7793376046378,
        -880.0000000000001,
        1
      ],
      "mesh": 0
    },
    {
      "matrix": [
        0.17226993952275815,
        0.9707567931185774,
        -0.16719544416927368,
        0,
        -0.6966119577550265,
        0.24006509245230856,
        0.6760921029701307,
        0,
        0.6964587914941806,
        1.1102230246251565e-16,
        0.717596789116608,
        0,
        -1769,
        513.5877008994463,
        -770.0000000000001,
        1
      ],
      "mesh": 0
    },
    {
      "matrix": [
        0.1258854042925892,
        0.983363960668711,
        -0.13095108187425253,
        0,
        -0.6814962788528005,
        0.181646141874651,
        0.708919953910059,
        0,
        0.7209130924708452,
        5.551115123125783e-17,
        0.6930254779617576,
        0,
        -1769,
        536.6977424251326,
        -660.0000000000001,
        1
      ],
      "mesh": 0
    },
    {
      "matrix": [
        0.06723529947947093,
        0.9947763827012622,
        -0.07680731035323113,
        0,
        -0.6552243445747555,
        0.10207814859112463,
        0.7485059183846112,
        0,
        0.7524363579602515,
        -5.551115123125783e-17,
        0.658664958244715,
        0,
        -1769,
        567.7844659018665,
        -550.0000000000001,
        1
      ],
      "mesh": 0
    },
    {
      "matrix": [
        -0.0004343733645677528,
        0.9999997485984676,
        0.0005604665747692139,
        0,
        -0.6125818808244389,
        -0.0007090860323539783,
        0.7904068170775045,
        0,
        0.7904070157870393,
        5.551115123125783e-17,
        0.6125820348285012,
        0,
        -1769,
        607.594155317218,
        -440,
        1
      ],
      "mesh": 0
    },
    {
      "matrix": [
        -0.06346269650996472,
        0.99354674562037,
        0.09400718280458925,
        0,
        -0.5559096616636884,
        -0.11342338501019689,
        0.8234680223310387,
        0,
        0.8288165865984147,
        5.551115123125783e-17,
        0.5595203890649139,
        0,
        -1769,
        651.2676770499412,
        -330,
        1
      ],
      "mesh": 0
    },
    {
      "matrix": [
        -0.10528382767395561,
        0.9788188842286079,
        0.17558162633881802,
        0,
        -0.5033691148568533,
        -0.20472809254585322,
        0.8394676541301425,
        0,
        0.8576332840081179,
        5.551115123125783e-17,
        0.5142617525749422,
        0,
        -1769,
        687.0380534419058,
        -220,
        1
      ],
      "mesh": 0
    },
    {
      "matrix": [
        -0.12353642165952472,
        0.9676688938668034,
        0.2198992141099126,
        0,
        -0.47395325090962537,
        -0.25222393193865855,
        0.8436536043362824,
        0,
        0.8718411945278555,
        0,
        0.48978866006089017,
        0,
        -1769,
        705.9025586048821,
        -110,
        1
      ],
      "mesh": 0
    },
    {
      "matrix": [
        -0.1256975365982882,
        0.9660595933960693,
        0.2256745251474866,
        0,
        -0.4700822197767843,
        -0.2583193024290318,
        0.8439750260773773,
        0,
        0.8736262564408497,
        0,
        0.48659753807139927,
        0,
        -1769,
        708.3399814458677,
        0,
        1
      ],
      "mesh": 0
    },
    {
      "matrix": [
        -0.11845139702624796,
        0.971186267022428,
        0.20680063174364588,
        0,
        -0.48270202847339005,
        -0.23832170431381372,
        0.8427345471503073,
        0,
        0.8677372979480624,
        0,
        0.49702311993487336,
        0,
        -1769,
        700.3580981877568,
        110,
        1
      ],
      "mesh": 0
    },
    {
      "matrix": [
        -0.09192294526664702,
        0.9848461392451444,
        0.14706547571554007,
        0,
        -0.5219960877998504,
        -0.17343033764002502,
        0.8351299313925452,
        0,
        0.8479801038085477,
        0,
        0.5300280592052127,
        0,
        -1769,
        674.7144784696678,
        220,
        1
      ],
      "mesh": 0
    },
    {
      "matrix": [
        -0.04635356535467916,
        0.9967485294844474,
        0.06590687331000622,
        0,
        -0.5734124934597209,
        -0.08057523794933363,
        0.8152948812385086,
        0,
        0.8179544359701308,
        0,
        0.5752830092022404,
        0,
        -1769,
        638.5067672491653,
        330,
        1
      ],
      "mesh": 0
    },
    {
      "matrix": [
        0.007293721159831179,
        0.9999304196879867,
        -0.009271322141380711,
        0,
        -0.6182559543477041,
        0.011796430926624524,
        0.7858882993982053,
        0,
        0.7859429855563648,
        -5.551115123125783e-17,
        0.6182989757833566,
        0,
        -1769,
        602.7590174745188,
        440,
        1
      ],
      "mesh": 0
    },
    {
      "matrix": [
        0.04150881430139297,
        0.9979083964524692,
        -0.04955653967897683,
        0,
        -0.6407720115799281,
        0.06464388826224443,
        0.7650048345508353,
        0,
        0.7666082751386818,
        5.551115123125783e-17,
        0.6421150617209467,
        0,
        -1769,
        582.3091693415072,
        550.0000000000002,
        1
      ],
      "mesh": 0
    },
    {
      "matrix": [
        0.0767186524217226,
        0.993313235427514,
        -0.08627319801142647,
        0,
        -0.6600721304982784,
        0.11545049295920684,
        0.7422775533551715,
        0,
        0.7472744013480312,
        5.551115123125783e-17,
        0.6645155898020314,
        0,
        -1769,
        562.583395321316,
        660.0000000000002,
        1
      ],
      "mesh": 0
    },
    {
      "matrix": [
        0.1263066764245654,
        0.9832628062008328,
        -0.1313045217524661,
        0,
        -0.6816547460748454,
        0.18219290310564706,
        0.7086272314916879,
        0,
        0.7206895521958246,
        5.551115123125783e-17,
        0.6932579385450857,
        0,
        -1769,
        536.4827597525476,
        770.0000000000002,
        1
      ],
      "mesh": 0
    },
    {
      "matrix": [
        0.243894761299991,
        0.9459627484017161,
        -0.2137049930317304,
        0,
        -0.7114798735962942,
        0.3242753130231648,
        0.6234115100245823,
        0,
        0.6590233189180955,
        0,
        0.7521225067249205,
        0,
        -1769,
        479.6365314551042,
        880.0000000000002,
        1
      ],
      "mesh": 0
    },
    {
      "matrix": [
        0.38524621834468087,
        0.8801180840343668,
        -0.27744821031464206,
        0,
        -0.7141836901161569,
        0.4747548400550281,
        0.5143437553002795,
        0,
        0.5844031211614049,
        0,
        0.8114634877656592,
        0,
        -1769,
        416.0588117661901,
        990.0000000000002,
        1
      ],
      "mesh": 0
    },
    {
      "matrix": [
        0.48644617690731407,
        0.8194836844204331,
        -0.3030125540979618,
        0,
        -0.6955731233782144,
        0.5731025134901365,
        0.43327997768782633,
        0,
        0.5287231288738308,
        0,
        0.8487943525930568,
        0,
        -1769,
        371.3636417739453,
        1100.0000000000002,
        1
      ],
      "mesh": 0
    },
    {
      "matrix": [
        0.527943570895212,
        0.7911263150431307,
        -0.30886038851994174,
        0,
        -0.6828547968725169,
        0.61165280482172,
        0.39948738746287904,
        0,
        0.5049603076862634,
        -2.7755575615628914e-17,
        0.8631425650849309,
        0,
        -1769,
        352.8589412491176,
        1210.0000000000002,
        1
      ],
      "mesh": 0
    },
    {
      "matrix": [
        0.5505331699940084,
        0.7747615520270614,
        -0.3108983213801051,
        0,
        -0.6746216619725909,
        0.632253538938786,
        0.38097385172308124,
        0,
        0.4917304565854015,
        0,
        0.8707474708928603,
        0,
        -1769,
        342.68651181181974,
        1320.0000000000002,
        1
      ],
      "mesh": 0
    },
    {
      "matrix": [
        0.5304093713855413,
        0.7893726884428467,
        -0.3091223988760885,
        0,
        -0.6820018306580851,
        0.6139142926667472,
        0.3974704319046992,
        0,
        0.5035269622626137,
        0,
        0.8639795126474842,
        0,
        -1769,
        351.7525023468717,
        1430.0000000000002,
        1
      ],
      "mesh": 0
    },
    {
      "matrix": [
        0.519406050554098,
        0.7971373848884357,
        -0.3078787817648692,
        0,
        -0.685722709940567,
        0.6037979708588181,
        0.4064632522855405,
        0,
        0.509903637680257,
        -2.7755575615628914e-17,
        0.8602315271369918,
        0,
        -1769,
        356.6831233147807,
        1540.0000000000002,
        1
      ],
      "mesh": 0
    },
    {
      "matrix": [
        0.4808545356474424,
        0.8231427120716996,
        -0.3020181966546547,
        0,
        -0.6970549906825869,
        0.5678345494624707,
        0.4378107632313893,
        0,
        0.5318771056473303,
        0,
        0.8468215540999289,
        0,
        -1769,
        373.8435192055397,
        1650.0000000000002,
        1
      ],
      "mesh": 0
    },
    {
      "matrix": [
        0.2617627389047392,
        0.9388472547334759,
        -0.2237098585232787,
        0,
        -0.7137119851099731,
        0.34433389650078894,
        0.6099584986136072,
        0,
        0.6496887491956984,
        0,
        0.760200321736665,
        0,
        -1740,
        471.4075896815868,
        -1540.0000000000002,
        1
      ],
      "mesh": 0
    },
    {
      "matrix": [
        0.3143359139466382,
        0.9158641469200224,
        -0.2497714907466242,
        0,
        -0.7170544828428131,
        0.4014883116436385,
        0.5697718879065256,
        0,
        0.6221139781730975,
        0,
        0.7829266876034069,
        0,
        -1740,
        447.5863844309409,
